00007000
00000000
00001000
00002000
00000000
00003000
00000000
00004000
00002000
00003000
00000000
00003000
00002000
00001000
00002000
00000000
00001000
00007000
00000000
00001000
00007000
00000000
00001000
00002000
00000000
00003000
00000000
00004000
00002000
00003000
00000000
00003000
00002000
00001000
00002000
00000000
00001000
00007000
00000000
00001000
00007000
00000000
00001000
00002000
00000000
00003000
00000000
00004000
00002000
00003000
00000000
00003000
00002000
00001000
00002000
00000000
00001000
00007000
00000000
00001000
00007000
00000000
00001000
00002000
00000000
00003000
00000000
00004000
00002000
00003000
00000000
00003000
00002000
00001000
00002000
00000000
00001000
00007000
00000000
00001000